917
409 108
78 171
905 791
210 889
309 347
829 217
135 61
39 211
6 3
461 142
164 241
423 22
243 282
1 31
391 460
408 342
190 73
75 288
71 28
589 190
340 159
778 440
442 798
810 710
6 804
832 810
203 236
675 828
503 502
327 611
42 553
37 137
34 117
633 93
231 425
40 147
433 218
631 48
51 234
816 668
201 248
738 777
457 413
692 784
111 108
446 582
175 165
840 750
470 103
464 72
571 634
17 4
414 699
346 550
891 28
1 3
431 102
304 98
173 60
691 8
483 749
58 308
880 245
252 4
497 367
163 103
281 447
397 62
233 458
657 475
204 253
471 844
653 36
393 257
473 74
577 357
839 598
655 129
13 37
847 28
80 467
468 481
20 230
164 476
319 37
33 838
243 260
808 717
182 113
405 779
605 272
853 906
246 41
11 48
6 769
666 495
302 530
426 386
56 52
261 263
7 129
32 34
60 586
400 494
2 315
233 498
293 375
440 427
556 776
639 877
11 221
75 297
265 14
87 123
32 30
32 237
821 635
515 639
2 8
455 534
130 33
480 367
360 416
508 9
279 908
3 311
885 64
307 128
768 512
119 8
140 179
666 707
797 54
161 81
594 436
378 702
12 46
248 271
68 110
451 123
604 296
13 6
15 19
88 136
276 171
656 319
380 584
11 16
92 486
215 233
6 35
341 554
13 512
428 190
25 55
554 596
201 160
392 171
61 59
292 51
23 105
111 270
246 626
234 388
318 898
81 141
58 38
89 876
138 157
118 112
320 329
154 123
827 455
206 130
455 60
44 511
399 70
654 44
580 859
679 443
788 318
611 765
61 67
363 246
74 155
133 830
114 151
533 673
823 620
888 544
625 400
314 82
439 3
246 740
842 307
826 665
795 269
187 157
106 259
692 66
345 743
229 222
415 813
577 750
320 242
763 724
752 680
794 729
145 123
258 337
837 581
591 624
312 29
124 180
166 269
199 514
123 322
192 106
333 207
9 1
800 457
764 31
303 301
357 825
677 551
82 193
41 60
156 78
579 436
223 621
76 348
107 99
317 228
771 519
231 853
227 325
49 108
183 173
139 197
3 703
48 275
688 658
760 167
16 24
754 384
441 721
312 793
488 501
843 832
220 522
748 679
487 126
65 29
854 730
7 5
875 576
135 916
606 332
521 514
535 393
902 600
148 149
14 887
687 189
112 55
382 182
495 660
614 417
293 463
679 766
615 670
603 53
495 470
512 564
437 431
504 296
755 110
43 62
866 198
49 878
809 212
57 36
285 638
147 635
294 330
1 33
442 526
69 335
229 309
732 153
704 233
12 116
251 31
285 187
897 132
57 70
363 462
42 32
369 543
176 127
74 101
676 90
776 903
226 350
636 792
98 215
882 688
507 711
50 27
7 66
98 113
538 99
106 31
33 427
440 496
23 53
628 761
123 518
65 95
83 597
581 42
257 74
285 845
6 243
738 395
5 139
84 33
350 661
360 131
256 95
403 571
764 806
21 8
124 87
349 384
26 188
88 551
723 40
886 608
364 341
430 493
756 497
249 14
718 258
717 249
338 412
344 62
430 383
378 17
917 392
864 759
262 40
560 469
278 105
336 164
69 68
189 573
396 701
558 505
2 281
8 11
36 35
159 411
353 87
109 59
68 405
751 727
507 759
210 172
449 64
546 11
24 45
61 115
107 863
88 716
85 316
66 73
557 481
133 396
802 329
724 575
85 576
323 311
8 10
98 191
737 511
88 2
68 66
517 367
727 246
164 20
566 274
184 811
227 127
454 182
84 250
459 380
593 461
601 78
649 217
484 56
176 279
76 59
207 190
10 20
263 667
643 635
437 456
216 489
49 140
67 100
262 410
678 710
483 258
668 189
436 64
50 121
398 48
911 423
255 66
22 5
328 172
450 340
132 91
556 380
178 506
127 66
613 81
70 548
337 900
93 52
910 873
394 540
62 841
186 63
262 302
340 342
161 264
21 868
222 146
663 402
586 856
807 9
57 482
91 479
565 466
262 531
277 683
10 214
64 529
849 168
801 327
146 62
185 238
790 347
126 123
30 4
140 488
161 650
523 87
216 56
613 855
256 352
851 719
299 46
7 49
196 505
561 495
13 442
104 893
79 87
170 680
14 672
402 620
772 413
94 165
92 528
846 800
37 83
396 474
547 693
574 275
260 406
194 232
690 446
185 686
128 418
424 258
400 103
677 869
54 35
244 217
287 441
160 46
5 12
368 874
664 152
148 50
617 301
615 185
306 54
786 904
595 390
125 204
432 222
334 646
867 249
858 648
135 301
175 184
286 161
2 293
72 56
367 394
820 472
530 822
92 23
247 32
232 767
607 433
831 400
372 61
537 238
125 48
551 648
815 742
8 27
892 255
30 468
200 272
567 644
289 729
475 178
217 675
642 573
783 417
852 139
448 870
343 532
709 224
323 588
429 148
403 342
116 287
731 76
762 527
209 833
142 610
387 132
907 875
391 187
799 604
48 51
79 195
527 140
310 383
33 217
689 242
53 421
264 289
429 578
182 413
153 728
153 78
90 346
15 38
682 413
394 491
224 446
168 658
148 261
478 509
386 616
199 284
612 628
5 25
53 159
80 53
19 47
37 90
20 705
726 669
341 246
96 334
196 60
13 142
120 133
142 189
112 220
296 469
198 199
32 722
162 174
172 313
545 413
46 513
234 268
436 715
201 218
819 740
140 695
24 782
96 200
173 736
160 539
623 298
78 59
23 295
89 331
599 415
93 706
453 410
485 429
122 739
21 367
2 422
47 298
323 490
502 417
516 773
106 700
89 102
268 373
368 307
592 262
77 27
636 637
890 531
326 157
103 327
291 258
10 14
376 74
203 64
99 47
257 369
140 343
184 213
524 132
289 541
207 390
37 74
167 370
401 438
517 678
35 94
123 362
536 46
371 290
587 512
774 261
516 472
498 507
595 714
872 484
59 42
169 15
444 35
280 274
533 865
187 477
152 58
909 1
15 26
255 386
466 261
591 179
386 733
395 267
407 38
209 41
609 56
492 202
570 384
205 2
696 227
343 600
524 730
435 883
401 334
720 380
775 151
41 34
674 393
638 659
324 108
652 377
29 618
640 335
500 493
22 202
394 899
327 357
170 28
39 29
28 75
420 407
264 665
197 552
310 332
18 12
58 104
364 385
15 1
120 110
198 155
583 293
36 79
97 47
417 375
789 195
5 2
182 321
302 415
913 661
861 701
580 8
16 172
55 114
91 47
20 89
347 879
355 824
369 559
894 866
484 651
848 119
122 562
89 694
138 290
758 301
519 669
713 377
164 575
812 781
375 533
637 712
555 476
297 366
85 448
174 239
49 283
259 472
746 739
119 402
194 69
785 520
43 1
647 77
471 440
68 267
363 685
499 449
645 336
128 208
53 380
221 547
37 63
228 123
27 305
277 190
225 219
231 39
742 222
199 274
135 381
142 294
168 64
681 40
786 428
4 85
857 259
273 114
177 627
300 345
178 43
77 698
803 547
835 790
134 177
544 220
419 39
12 138
358 50
14 167
239 404
131 5
32 98
349 341
198 452
185 34
303 359
254 181
35 389
619 291
39 103
901 328
434 12
786 805
235 147
641 621
445 94
400 770
9 28
519 77
212 33
719 668
355 320
60 245
127 563
64 34
310 253
122 23
914 801
568 147
96 36
298 814
82 86
261 787
8 128
55 224
781 686
398 697
268 300
105 602
1 2
684 97
585 70
477 598
294 515
548 791
223 132
189 818
134 40
4 1
318 263
162 99
44 81
187 630
87 219
525 441
796 431
44 30
465 347
708 571
315 435
29 266
817 31
139 354
294 339
169 542
671 41
850 271
384 895
131 622
860 753
518 744
478 285
143 86
258 139
242 112
24 414
884 312
549 388
4 23
361 143
261 379
298 747
519 725
753 587
636 127
16 40
27 29
520 341
510 170
7 296
248 567
69 912
18 881
129 158
499 590
259 351